> (muestra=matrix(c(4,4,4,3,5,5,1,1,5,4),2,5))
     [,1] [,2] [,3] [,4] [,5]
[1,]    4    4    5    1    5
[2,]    4    3    5    1    4

> (muestra=t(muestra))
     [,1] [,2]
[1,]    4    4
[2,]    4    3
[3,]    5    5
[4,]    1    1
[5,]    5    4

> dist(muestra)
         1        2        3        4
2 1.000000                           
3 1.414214 2.236068                  
4 4.242641 3.605551 5.656854         
5 1.000000 1.414214 1.000000 5.000000

> (distancias=as.matrix(dist(muestra)))
         1        2        3        4        5
1 0.000000 1.000000 1.414214 4.242641 1.000000
2 1.000000 0.000000 2.236068 3.605551 1.414214
3 1.414214 2.236068 0.000000 5.656854 1.000000
4 4.242641 3.605551 5.656854 0.000000 5.000000
5 1.000000 1.414214 1.000000 5.000000 0.000000

> (distancias=matrix(distancias,5,5))
         [,1]     [,2]     [,3]     [,4]     [,5]
[1,] 0.000000 1.000000 1.414214 4.242641 1.000000
[2,] 1.000000 0.000000 2.236068 3.605551 1.414214
[3,] 1.414214 2.236068 0.000000 5.656854 1.000000
[4,] 4.242641 3.605551 5.656854 0.000000 5.000000
[5,] 1.000000 1.414214 1.000000 5.000000 0.000000

> for(i in 1:5){distancias[,i]=sort(distancias[,i])}; (distanciasordenadas=distancias)
         [,1]     [,2]     [,3]     [,4]     [,5]
[1,] 0.000000 0.000000 0.000000 0.000000 0.000000
[2,] 1.000000 1.000000 1.000000 3.605551 1.000000
[3,] 1.000000 1.414214 1.414214 4.242641 1.000000
[4,] 1.414214 2.236068 2.236068 5.000000 1.414214
[5,] 4.242641 3.605551 5.656854 5.656854 5.000000

> for(i in 1:5){if(distanciasordenadas[4,i]>2.5){print(i); print("es un suceso an贸malo o outlier")}}
[1] 4
[1] "es un suceso an贸malo o outlier"

> for(i in 1:5){distancias[,i]=sort(distancias[,i])
+ if (distancias[4,i]>2.5){print(i)
+ print("es un suceso an贸malo o outlier")}}
[1] 4
[1] "es un suceso an贸malo o outlier"

> (distanciasM=as.matrix(dist(muestra,method="manhattan")))
  1 2 3 4 5
1 0 1 2 6 1
2 1 0 3 5 2
3 2 3 0 8 1
4 6 5 8 0 7
5 1 2 1 7 0
